title:FNX's 廿八

// Threat Level - 威胁等级 (pve)
//notes: tags:pve
dimwishlist:item=1523151869&perks=2860123632,3267421167,331667533,2459015849
dimwishlist:item=1523151869&perks=2860123632,3267421167,331667533,1817983009
dimwishlist:item=1523151869&perks=2860123632,3267421167,331667533,3192447905
dimwishlist:item=1523151869&perks=2860123632,3267421167,331667533,496047945
dimwishlist:item=1523151869&perks=2860123632,3267421167,788178929,2459015849
dimwishlist:item=1523151869&perks=2860123632,3267421167,788178929,1817983009
dimwishlist:item=1523151869&perks=2860123632,3267421167,788178929,3192447905
dimwishlist:item=1523151869&perks=2860123632,3267421167,788178929,496047945
dimwishlist:item=1523151869&perks=2860123632,3267421167,402033656,2459015849
dimwishlist:item=1523151869&perks=2860123632,3267421167,402033656,1817983009
dimwishlist:item=1523151869&perks=2860123632,3267421167,402033656,3192447905
dimwishlist:item=1523151869&perks=2860123632,3267421167,402033656,496047945
dimwishlist:item=1523151869&perks=2860123632,1807273211,331667533,2459015849
dimwishlist:item=1523151869&perks=2860123632,1807273211,331667533,1817983009
dimwishlist:item=1523151869&perks=2860123632,1807273211,331667533,3192447905
dimwishlist:item=1523151869&perks=2860123632,1807273211,331667533,496047945
dimwishlist:item=1523151869&perks=2860123632,1807273211,788178929,2459015849
dimwishlist:item=1523151869&perks=2860123632,1807273211,788178929,1817983009
dimwishlist:item=1523151869&perks=2860123632,1807273211,788178929,3192447905
dimwishlist:item=1523151869&perks=2860123632,1807273211,788178929,496047945
dimwishlist:item=1523151869&perks=2860123632,1807273211,402033656,2459015849
dimwishlist:item=1523151869&perks=2860123632,1807273211,402033656,1817983009
dimwishlist:item=1523151869&perks=2860123632,1807273211,402033656,3192447905
dimwishlist:item=1523151869&perks=2860123632,1807273211,402033656,496047945
dimwishlist:item=1523151869&perks=2860123632,1783397184,331667533,2459015849
dimwishlist:item=1523151869&perks=2860123632,1783397184,331667533,1817983009
dimwishlist:item=1523151869&perks=2860123632,1783397184,331667533,3192447905
dimwishlist:item=1523151869&perks=2860123632,1783397184,331667533,496047945
dimwishlist:item=1523151869&perks=2860123632,1783397184,788178929,2459015849
dimwishlist:item=1523151869&perks=2860123632,1783397184,788178929,1817983009
dimwishlist:item=1523151869&perks=2860123632,1783397184,788178929,3192447905
dimwishlist:item=1523151869&perks=2860123632,1783397184,788178929,496047945
dimwishlist:item=1523151869&perks=2860123632,1783397184,402033656,2459015849
dimwishlist:item=1523151869&perks=2860123632,1783397184,402033656,1817983009
dimwishlist:item=1523151869&perks=2860123632,1783397184,402033656,3192447905
dimwishlist:item=1523151869&perks=2860123632,1783397184,402033656,496047945
dimwishlist:item=1523151869&perks=2371713880,3267421167,331667533,2459015849
dimwishlist:item=1523151869&perks=2371713880,3267421167,331667533,1817983009
dimwishlist:item=1523151869&perks=2371713880,3267421167,331667533,3192447905
dimwishlist:item=1523151869&perks=2371713880,3267421167,331667533,496047945
dimwishlist:item=1523151869&perks=2371713880,3267421167,788178929,2459015849
dimwishlist:item=1523151869&perks=2371713880,3267421167,788178929,1817983009
dimwishlist:item=1523151869&perks=2371713880,3267421167,788178929,3192447905
dimwishlist:item=1523151869&perks=2371713880,3267421167,788178929,496047945
dimwishlist:item=1523151869&perks=2371713880,3267421167,402033656,2459015849
dimwishlist:item=1523151869&perks=2371713880,3267421167,402033656,1817983009
dimwishlist:item=1523151869&perks=2371713880,3267421167,402033656,3192447905
dimwishlist:item=1523151869&perks=2371713880,3267421167,402033656,496047945
dimwishlist:item=1523151869&perks=2371713880,1807273211,331667533,2459015849
dimwishlist:item=1523151869&perks=2371713880,1807273211,331667533,1817983009
dimwishlist:item=1523151869&perks=2371713880,1807273211,331667533,3192447905
dimwishlist:item=1523151869&perks=2371713880,1807273211,331667533,496047945
dimwishlist:item=1523151869&perks=2371713880,1807273211,788178929,2459015849
dimwishlist:item=1523151869&perks=2371713880,1807273211,788178929,1817983009
dimwishlist:item=1523151869&perks=2371713880,1807273211,788178929,3192447905
dimwishlist:item=1523151869&perks=2371713880,1807273211,788178929,496047945
dimwishlist:item=1523151869&perks=2371713880,1807273211,402033656,2459015849
dimwishlist:item=1523151869&perks=2371713880,1807273211,402033656,1817983009
dimwishlist:item=1523151869&perks=2371713880,1807273211,402033656,3192447905
dimwishlist:item=1523151869&perks=2371713880,1807273211,402033656,496047945
dimwishlist:item=1523151869&perks=2371713880,1783397184,331667533,2459015849
dimwishlist:item=1523151869&perks=2371713880,1783397184,331667533,1817983009
dimwishlist:item=1523151869&perks=2371713880,1783397184,331667533,3192447905
dimwishlist:item=1523151869&perks=2371713880,1783397184,331667533,496047945
dimwishlist:item=1523151869&perks=2371713880,1783397184,788178929,2459015849
dimwishlist:item=1523151869&perks=2371713880,1783397184,788178929,1817983009
dimwishlist:item=1523151869&perks=2371713880,1783397184,788178929,3192447905
dimwishlist:item=1523151869&perks=2371713880,1783397184,788178929,496047945
dimwishlist:item=1523151869&perks=2371713880,1783397184,402033656,2459015849
dimwishlist:item=1523151869&perks=2371713880,1783397184,402033656,1817983009
dimwishlist:item=1523151869&perks=2371713880,1783397184,402033656,3192447905
dimwishlist:item=1523151869&perks=2371713880,1783397184,402033656,496047945
dimwishlist:item=1523151869&perks=111235976,3267421167,331667533,2459015849
dimwishlist:item=1523151869&perks=111235976,3267421167,331667533,1817983009
dimwishlist:item=1523151869&perks=111235976,3267421167,331667533,3192447905
dimwishlist:item=1523151869&perks=111235976,3267421167,331667533,496047945
dimwishlist:item=1523151869&perks=111235976,3267421167,788178929,2459015849
dimwishlist:item=1523151869&perks=111235976,3267421167,788178929,1817983009
dimwishlist:item=1523151869&perks=111235976,3267421167,788178929,3192447905
dimwishlist:item=1523151869&perks=111235976,3267421167,788178929,496047945
dimwishlist:item=1523151869&perks=111235976,3267421167,402033656,2459015849
dimwishlist:item=1523151869&perks=111235976,3267421167,402033656,1817983009
dimwishlist:item=1523151869&perks=111235976,3267421167,402033656,3192447905
dimwishlist:item=1523151869&perks=111235976,3267421167,402033656,496047945
dimwishlist:item=1523151869&perks=111235976,1807273211,331667533,2459015849
dimwishlist:item=1523151869&perks=111235976,1807273211,331667533,1817983009
dimwishlist:item=1523151869&perks=111235976,1807273211,331667533,3192447905
dimwishlist:item=1523151869&perks=111235976,1807273211,331667533,496047945
dimwishlist:item=1523151869&perks=111235976,1807273211,788178929,2459015849
dimwishlist:item=1523151869&perks=111235976,1807273211,788178929,1817983009
dimwishlist:item=1523151869&perks=111235976,1807273211,788178929,3192447905
dimwishlist:item=1523151869&perks=111235976,1807273211,788178929,496047945
dimwishlist:item=1523151869&perks=111235976,1807273211,402033656,2459015849
dimwishlist:item=1523151869&perks=111235976,1807273211,402033656,1817983009
dimwishlist:item=1523151869&perks=111235976,1807273211,402033656,3192447905
dimwishlist:item=1523151869&perks=111235976,1807273211,402033656,496047945
dimwishlist:item=1523151869&perks=111235976,1783397184,331667533,2459015849
dimwishlist:item=1523151869&perks=111235976,1783397184,331667533,1817983009
dimwishlist:item=1523151869&perks=111235976,1783397184,331667533,3192447905
dimwishlist:item=1523151869&perks=111235976,1783397184,331667533,496047945
dimwishlist:item=1523151869&perks=111235976,1783397184,788178929,2459015849
dimwishlist:item=1523151869&perks=111235976,1783397184,788178929,1817983009
dimwishlist:item=1523151869&perks=111235976,1783397184,788178929,3192447905
dimwishlist:item=1523151869&perks=111235976,1783397184,788178929,496047945
dimwishlist:item=1523151869&perks=111235976,1783397184,402033656,2459015849
dimwishlist:item=1523151869&perks=111235976,1783397184,402033656,1817983009
dimwishlist:item=1523151869&perks=111235976,1783397184,402033656,3192447905
dimwishlist:item=1523151869&perks=111235976,1783397184,402033656,496047945


// Threat Level - 威胁等级 (pve)
//notes: tags:pve
dimwishlist:item=1523151869&perks=1482024992,3142289711,2679249093,2360754333
dimwishlist:item=1523151869&perks=1482024992,3142289711,2679249093,3640170453
dimwishlist:item=1523151869&perks=1482024992,3142289711,2679249093,3764420437
dimwishlist:item=1523151869&perks=1482024992,3142289711,2679249093,1089671869
dimwishlist:item=1523151869&perks=1482024992,3142289711,1631667848,2360754333
dimwishlist:item=1523151869&perks=1482024992,3142289711,1631667848,3640170453
dimwishlist:item=1523151869&perks=1482024992,3142289711,1631667848,3764420437
dimwishlist:item=1523151869&perks=1482024992,3142289711,1631667848,1089671869
dimwishlist:item=1523151869&perks=1482024992,3142289711,3751912585,2360754333
dimwishlist:item=1523151869&perks=1482024992,3142289711,3751912585,3640170453
dimwishlist:item=1523151869&perks=1482024992,3142289711,3751912585,3764420437
dimwishlist:item=1523151869&perks=1482024992,3142289711,3751912585,1089671869
dimwishlist:item=1523151869&perks=1482024992,679225683,2679249093,2360754333
dimwishlist:item=1523151869&perks=1482024992,679225683,2679249093,3640170453
dimwishlist:item=1523151869&perks=1482024992,679225683,2679249093,3764420437
dimwishlist:item=1523151869&perks=1482024992,679225683,2679249093,1089671869
dimwishlist:item=1523151869&perks=1482024992,679225683,1631667848,2360754333
dimwishlist:item=1523151869&perks=1482024992,679225683,1631667848,3640170453
dimwishlist:item=1523151869&perks=1482024992,679225683,1631667848,3764420437
dimwishlist:item=1523151869&perks=1482024992,679225683,1631667848,1089671869
dimwishlist:item=1523151869&perks=1482024992,679225683,3751912585,2360754333
dimwishlist:item=1523151869&perks=1482024992,679225683,3751912585,3640170453
dimwishlist:item=1523151869&perks=1482024992,679225683,3751912585,3764420437
dimwishlist:item=1523151869&perks=1482024992,679225683,3751912585,1089671869
dimwishlist:item=1523151869&perks=1482024992,106909392,2679249093,2360754333
dimwishlist:item=1523151869&perks=1482024992,106909392,2679249093,3640170453
dimwishlist:item=1523151869&perks=1482024992,106909392,2679249093,3764420437
dimwishlist:item=1523151869&perks=1482024992,106909392,2679249093,1089671869
dimwishlist:item=1523151869&perks=1482024992,106909392,1631667848,2360754333
dimwishlist:item=1523151869&perks=1482024992,106909392,1631667848,3640170453
dimwishlist:item=1523151869&perks=1482024992,106909392,1631667848,3764420437
dimwishlist:item=1523151869&perks=1482024992,106909392,1631667848,1089671869
dimwishlist:item=1523151869&perks=1482024992,106909392,3751912585,2360754333
dimwishlist:item=1523151869&perks=1482024992,106909392,3751912585,3640170453
dimwishlist:item=1523151869&perks=1482024992,106909392,3751912585,3764420437
dimwishlist:item=1523151869&perks=1482024992,106909392,3751912585,1089671869
dimwishlist:item=1523151869&perks=1300023272,3142289711,2679249093,2360754333
dimwishlist:item=1523151869&perks=1300023272,3142289711,2679249093,3640170453
dimwishlist:item=1523151869&perks=1300023272,3142289711,2679249093,3764420437
dimwishlist:item=1523151869&perks=1300023272,3142289711,2679249093,1089671869
dimwishlist:item=1523151869&perks=1300023272,3142289711,1631667848,2360754333
dimwishlist:item=1523151869&perks=1300023272,3142289711,1631667848,3640170453
dimwishlist:item=1523151869&perks=1300023272,3142289711,1631667848,3764420437
dimwishlist:item=1523151869&perks=1300023272,3142289711,1631667848,1089671869
dimwishlist:item=1523151869&perks=1300023272,3142289711,3751912585,2360754333
dimwishlist:item=1523151869&perks=1300023272,3142289711,3751912585,3640170453
dimwishlist:item=1523151869&perks=1300023272,3142289711,3751912585,3764420437
dimwishlist:item=1523151869&perks=1300023272,3142289711,3751912585,1089671869
dimwishlist:item=1523151869&perks=1300023272,679225683,2679249093,2360754333
dimwishlist:item=1523151869&perks=1300023272,679225683,2679249093,3640170453
dimwishlist:item=1523151869&perks=1300023272,679225683,2679249093,3764420437
dimwishlist:item=1523151869&perks=1300023272,679225683,2679249093,1089671869
dimwishlist:item=1523151869&perks=1300023272,679225683,1631667848,2360754333
dimwishlist:item=1523151869&perks=1300023272,679225683,1631667848,3640170453
dimwishlist:item=1523151869&perks=1300023272,679225683,1631667848,3764420437
dimwishlist:item=1523151869&perks=1300023272,679225683,1631667848,1089671869
dimwishlist:item=1523151869&perks=1300023272,679225683,3751912585,2360754333
dimwishlist:item=1523151869&perks=1300023272,679225683,3751912585,3640170453
dimwishlist:item=1523151869&perks=1300023272,679225683,3751912585,3764420437
dimwishlist:item=1523151869&perks=1300023272,679225683,3751912585,1089671869
dimwishlist:item=1523151869&perks=1300023272,106909392,2679249093,2360754333
dimwishlist:item=1523151869&perks=1300023272,106909392,2679249093,3640170453
dimwishlist:item=1523151869&perks=1300023272,106909392,2679249093,3764420437
dimwishlist:item=1523151869&perks=1300023272,106909392,2679249093,1089671869
dimwishlist:item=1523151869&perks=1300023272,106909392,1631667848,2360754333
dimwishlist:item=1523151869&perks=1300023272,106909392,1631667848,3640170453
dimwishlist:item=1523151869&perks=1300023272,106909392,1631667848,3764420437
dimwishlist:item=1523151869&perks=1300023272,106909392,1631667848,1089671869
dimwishlist:item=1523151869&perks=1300023272,106909392,3751912585,2360754333
dimwishlist:item=1523151869&perks=1300023272,106909392,3751912585,3640170453
dimwishlist:item=1523151869&perks=1300023272,106909392,3751912585,3764420437
dimwishlist:item=1523151869&perks=1300023272,106909392,3751912585,1089671869
dimwishlist:item=1523151869&perks=4090651448,3142289711,2679249093,2360754333
dimwishlist:item=1523151869&perks=4090651448,3142289711,2679249093,3640170453
dimwishlist:item=1523151869&perks=4090651448,3142289711,2679249093,3764420437
dimwishlist:item=1523151869&perks=4090651448,3142289711,2679249093,1089671869
dimwishlist:item=1523151869&perks=4090651448,3142289711,1631667848,2360754333
dimwishlist:item=1523151869&perks=4090651448,3142289711,1631667848,3640170453
dimwishlist:item=1523151869&perks=4090651448,3142289711,1631667848,3764420437
dimwishlist:item=1523151869&perks=4090651448,3142289711,1631667848,1089671869
dimwishlist:item=1523151869&perks=4090651448,3142289711,3751912585,2360754333
dimwishlist:item=1523151869&perks=4090651448,3142289711,3751912585,3640170453
dimwishlist:item=1523151869&perks=4090651448,3142289711,3751912585,3764420437
dimwishlist:item=1523151869&perks=4090651448,3142289711,3751912585,1089671869
dimwishlist:item=1523151869&perks=4090651448,679225683,2679249093,2360754333
dimwishlist:item=1523151869&perks=4090651448,679225683,2679249093,3640170453
dimwishlist:item=1523151869&perks=4090651448,679225683,2679249093,3764420437
dimwishlist:item=1523151869&perks=4090651448,679225683,2679249093,1089671869
dimwishlist:item=1523151869&perks=4090651448,679225683,1631667848,2360754333
dimwishlist:item=1523151869&perks=4090651448,679225683,1631667848,3640170453
dimwishlist:item=1523151869&perks=4090651448,679225683,1631667848,3764420437
dimwishlist:item=1523151869&perks=4090651448,679225683,1631667848,1089671869
dimwishlist:item=1523151869&perks=4090651448,679225683,3751912585,2360754333
dimwishlist:item=1523151869&perks=4090651448,679225683,3751912585,3640170453
dimwishlist:item=1523151869&perks=4090651448,679225683,3751912585,3764420437
dimwishlist:item=1523151869&perks=4090651448,679225683,3751912585,1089671869
dimwishlist:item=1523151869&perks=4090651448,106909392,2679249093,2360754333
dimwishlist:item=1523151869&perks=4090651448,106909392,2679249093,3640170453
dimwishlist:item=1523151869&perks=4090651448,106909392,2679249093,3764420437
dimwishlist:item=1523151869&perks=4090651448,106909392,2679249093,1089671869
dimwishlist:item=1523151869&perks=4090651448,106909392,1631667848,2360754333
dimwishlist:item=1523151869&perks=4090651448,106909392,1631667848,3640170453
dimwishlist:item=1523151869&perks=4090651448,106909392,1631667848,3764420437
dimwishlist:item=1523151869&perks=4090651448,106909392,1631667848,1089671869
dimwishlist:item=1523151869&perks=4090651448,106909392,3751912585,2360754333
dimwishlist:item=1523151869&perks=4090651448,106909392,3751912585,3640170453
dimwishlist:item=1523151869&perks=4090651448,106909392,3751912585,3764420437
dimwishlist:item=1523151869&perks=4090651448,106909392,3751912585,1089671869


